564
Slot-500 500
0 32 4 32 2 8 16 2 0 16 32 4 4 2 64 8 
Slot-Empty 0
2 2 4 8 128 64 32 16 256 512 1024 2048 32768 16384 8192 4096
Slot-184 184
2 0 0 0 4 0 0 0 4 8 0 0 8 32 8 0 
Slot-WOW! 0
0 2 2 4 64 32 16 8 128 256 512 1024 16384 8192 4096 2048
Slot-Empty 0
0 0 0 0 2 0 0 0 0 0 0 0 0 0 0 0 
Slot-Empty 0
0 0 0 0 0 2 0 0 0 0 0 0 0 0 0 0 
Slot-Empty 0
0 0 0 0 0 0 2 0 0 0 0 0 0 0 0 0 
Slot-Empty 0
0 0 0 0 0 0 0 2 0 0 0 0 0 0 0 0 
Slot-Empty 0
0 0 0 0 0 0 0 0 2 0 0 0 0 0 0 0 
Slot-Empty 0
0 0 0 0 0 0 0 0 0 2 0 0 0 0 0 0 
Slot-Empty 0
0 0 0 0 0 0 0 0 0 0 2 0 0 0 0 0 
Slot-Empty 0
0 0 0 0 0 0 0 0 0 0 0 2 0 0 0 0 
Slot-Empty 0
0 0 0 0 0 0 0 0 0 0 0 0 2 0 0 0 
Slot-Empty 0
0 0 0 0 0 0 0 0 0 0 0 0 0 2 0 0 
Slot-Empty 0
0 0 0 0 0 0 0 0 0 0 0 0 0 0 2 0 
Slot-Empty 0
0 0 0 0 0 0 0 0 0 0 0 0 0 0 0 2 